$66666666666116666666666%$66666666666116666666666%$66666666666116666666666%$66666666666116666666666%
5424343421124132112342235542434342112413211234223554243434211241321123422355424343421124132112342235
5134141242314214342144115513414124231421434214411551341412423142143421441155134141242314214342144115
5233441234123414233141415532111333233222233141332553211133323322223314133255321113332332222331413325
5332212121324423441334215523432141342114134112343552343214134211413411234311234321413421141341123431
5321113332332222331413325523342242343423211234123552334224234342321123412355233422423434232112341235
1234321413421141341123431123432141342114134112343111234321413421141341123411233422423434232112341231
1234323233131334242143121113342242343423211234123112334224234342321123412311233422423434232112341231
5233422423434232112341235523342242343423211234123552334224234342321123412355233422423434232112341235
5343442341231241233424225523342242343423211234123552334224234342321123412355233422423434232112341235
5314143223341243424324145523342242343423211234123112334224234342321123412355233422423434232112341235
5234433234234234211413235523342242343423211234123552334224234342321123412355233422423434232112341235
5234324234342413414123425523342242343423211234123552334224234342321123412355233422423434232112341235
5423431234214132124142335523342242343423211234123552334224234342321123412355233422423434232112341235
$66666666666116666666666%$66666666666116666666666%$66666666666116666666666%$66666666666116666666666%
$66666666666116666666666%$66666666666116666666666%$66666666666116666666666%$66666666666116666666666%
5424343421124132112342235542434342112413211234223554243434211241321123422355424343421124132112342235
5134141242314214342144115513414124231421434214411551341412423142143421441155134141242314214342144115
5233441234123414233141415532111333233222233141332553211133323322223314133255321113332332222331413325
5332212121324423441334215523432141342114134112343552343214134211413411234311234321413421141341123431
5321113332332222331413325523342242343423211234123552334224234342321123412355233422423434232112341235
1234321413421141341123431123432141345554134112343111234321413421141341123411233422423434232112341231
1234323233131334242143121113342242345453211234123112334224234342321123412311233422423434232112341231
5233422423434232112341235523342242345553211234123552334224234342321123412355233422423434232112341235
5343442341231241233424225523342242343523211234123552334224234342321123412355233422423434232112341235
5314143223341243424324145523342242343523211234123112334224234342321123412355233422423434232112341235
5234433234234234211413235523342242343523211234123552334224234342321123412355233422423434232112341235
5234324234342413414123425523342242343423211234123552334224234342321123412355233422423434232112341235
5423431234214132124142335523342242343423211234123552334224234342321123412355233422423434232112341235
$66666666666116666666666%$66666666666116666666666%$66666666666116666666666%$66666666666116666666666%
$66666666666116666666666%$66666666666116666666666%$66666666666116666666666%$66666666666116666666666%
5424343421124132112342235542434342112413211234223554243434211241321123422355424343421124132112342235
5134141242314214342144115513414124231421434214411551341412423142143421441155134141242314214342144115
5233441234123414233141415532111333233222233141332553211133323322223314133255321113332332222331413325
5332212121324423441334215523432141342114134112343552343214134211413411234311234321413421141341123431
5321113332332222331413325523342242343423211234123552334224234342321123412355233422423434232112341235
1234321413421141341123431123432141342114134112343111234321413421141341123411233422423434232112341231
1234323233131334242143121113342242343423211234123112334224234342321123412311233422423434232112341231
5233422423434232112341235523342242343423211234123552334224234342321123412355233422423434232112341235
5343442341231241233424225523342242343423211234123552334224234342321123412355233422423434232112341235
5314143223341243424324145523342242343423211234123112334224234342321123412355233422423434232112341235
5234433234234234211413235523342242343423211234123552334224234342321123412355233422423434232112341235
5234324234342413414123425523342242343423211234123552334224234342321123412355233422423434232112341235
5423431234214132124142335523342242343423211234123552334224234342321123412355233422423434232112341235
$66666666666116666666666%$66666666666116666666666%$66666666666116666666666%$66666666666116666666666%
$66666666666116666666666%$66666666666116666666666%$66666666666116666666666%$66666666666116666666666%
5424343421124132112342235542434342112413211234223554243434211241321123422355424343421124132112342235
5134141242314214342144115513414124231421434214411551341412423142143421441155134141242314214342144115
5233441234123414233141415532111333233222233141332553211133323322223314133255321113332332222331413325
5332212121324423441334215523432141342114134112343552343214134211413411234311234321413421141341123431
5321113332332222331413325523342242343423211234123552334224255342321123412355233422423434232112341235
1234321413421141341123431123432141342114134112343111234321455421141341123411233422423434232112341231
1234323233131334242143121113342242343423211234123112334224234342321123412311233422423434232112341231
5233422423434232112341235523342242343423211234123552334224234342321123412355233422423434232112341235
5343442341231241233424225523342242343423211234123552334224234342321123412355233422423434232112341235
5314143223341243424324145523342242343423211234123112334224234342321123412355233422423434232112341235
5234433234234234211413235523342242343423211234123552334224234342321123412355233422423434232112341235
5234324234342413414123425523342242343423211234123552334224234342321123412355233422423434232112341235
5423431234214132124142335523342242343423211234123552334224234342321123412355233422423434232112341235
$66666666666116666666666%$66666666666116666666666%$66666666666116666666666%$66666666666116666666666%
$66666666666116666666666%$66666666666116666666666%$66666666666116666666666%$66666666666116666666666%
5424343421124132112342235542434342112413211234223554243434211241321123422355424343421124132112342235
5134141242314214342144115513414124231421434214411551341412423142143421441155134141242314214342144115
5233441234123414233141415532111333233222233141332553211133323322223314133255321113332332222331413325
5332212121324423441334215523432141342114134112343552343214134211413411234311234321413421141341123431
5321113332332222331413325523342242343423211234123552334224234342321123412355233422423434232112341235
1234321413421141341123431123432141342114134112343111234321413421141341123411233422423434232112341231
1234323233131334242143121113342242343423211234123112334224234342321123412311233422423434232112341231
5233422423434232112341235523342242343423211234123552334224234342321123412355233422423434232112341235
5343442341231241233424225523342242343423211234123552334224234342321123412355233422423434232112341235
5314143223341243424324145523342242343423211234123112334224234342321123412355233422423434232112341235
5234433234234234211413235523342242343423211234123552334224234342321123412355233422423434232112341235
5234324234342413414123425523342242343423211234123552334224234342321123412355233422423434232112341235
5423431234214132124142335523342242343423211234123552334224234342321123412355233422423434232112341235
$66666666666116666666666%$66666666666116666666666%$66666666666116666666666%$66666666666116666666666%
$66666666666116666666666%$66666666666116666666666%$66666666666116666666666%$66666666666116666666666%
5424343421124132112342235542434342112413211234223554243434211241321123422355424343421124132112342235
5134141242314214342144115513414124231421434214411551341412423142143421441155134141242314214342144115
5233441234123414233141415532111333233222233141332553211133323322223314133255321113332332222331413325
5332212121324423441334215523432141342114134112343552343214134211413411234311234321413421141341123431
5321113332332222331413325523342242343423211234123552334224234342321123412355233422423434232112341235
1234321413421141341123431123432141342114134112343111234321413421141341123411233422423434232112341231
1234323233131334242143121113342242343423211234123112334224234342321123412311233422423434232112341231
5233422423434232112341235523342242343423211234123552334224234342321123412355233422423434232112341235
5343442341231241233424225523342242343423211234123552334224234342321123412355233422423434232112341235
5314143223341243424324145523342242343423211234123112334224234342321123412355233422423434232112341235
5234433234234234211413235523342242343423211234123552334224234342321123412355233422423434232112341235
5234324234342413414123425523342242343423211234123552334224234342321123412355233422423434232112341235
5423431234214132124142335523342242343423211234123552334224234342321123412355233422423434232112341235
$66666666666116666666666%$66666666666116666666666%$66666666666116666666666%$66666666666116666666666%
$66666666666116666666666%$66666666666116666666666%$66666666666116666666666%$66666666666116666666666%
5424343421124132112342235542434342112413211234223554243434211241321123422355424343421124132112342235
5134141242314214342144115513414124231421434214411551341412423142143421441155134141242314214342144115
5233441234123414233141415532111333233222233141332553211133323322223314133255321113332332222331413325
5332212121324423441334215523432141342114134112343552343214134211413411234311234321413421141341123431
5321113332332222331413325523342242343423211234123552334224234342321123412355233422423434232112341235
1234321413421141341123431123432141345554134112343111234321413421141341123411233422423434232112341231
1234323233131334242143121113342242345453211234123112334224234342321123412311233422423434232112341231
5233422423434232112341235523342242345553211234123552334224234342321123412355233422423434232112341235
5343442341231241233424225523342242343523211234123552334224234342321123412355233422423434232112341235
5314143223341243424324145523342242343523211234123112334224234342321123412355233422423434232112341235
5234433234234234211413235523342242343523211234123552334224234342321123412355233422423434232112341235
5234324234342413414123425523342242343423211234123552334224234342321123412355233422423434232112341235
5423431234214132124142335523342242343423211234123552334224234342321123412355233422423434232112341235
$66666666666116666666666%$66666666666116666666666%$66666666666116666666666%$66666666666116666666666%
$66666666666116666666666%$66666666666116666666666%$66666666666116666666666%$66666666666116666666666%
5424343421124132112342235542434342112413211234223554243434211241321123422355424343421124132112342235
5134141242314214342144115513414124231421434214411551341412423142143421441155134141242314214342144115
5233441234123414233141415532111333233222233141332553211133323322223314133255321113332332222331413325
5332212121324423441334215523432141342114134112343552343214134211413411234311234321413421141341123431
5321113332332222331413325523342242343423211234123552334224234342321123412355233422423434232112341235
1234321413421141341123431123432141342114134112343111234321413421141341123411233422423434232112341231
1234323233131334242143121113342242343423211234123112334224234342321123412311233422423434232112341231
5233422423434232112341235523342242343423211234123552334224234342321123412355233422423434232112341235
5343442341231241233424225523342242343423211234123552334224234342321123412355233422423434232112341235
5314143223341243424324145523342242343423211234123112334224234342321123412355233422423434232112341235
5234433234234234211413235523342242343423211234123552334224234342321123412355233422423434232112341235
5234324234342413414123425523342242343423211234123552334224234342321123412355233422423434232112341235
5423431234214132124142335523342242343423211234123552334224234342321123412355233422423434232112341235
$66666666666116666666666%$66666666666116666666666%$66666666666116666666666%$66666666666116666666666%
$66666666666116666666666%$66666666666116666666666%$66666666666116666666666%$66666666666116666666666%
5424343421124132112342235542434342112413211234223554243434211241321123422355424343421124132112342235
5134141242314214342144115513414124231421434214411551341412423142143421441155134141242314214342144115
5233441234123414233141415532111333233222233141332553211133323322223314133255321113332332222331413325
5332212121324423441334215523432141342114134112343552343214134211413411234311234321413421141341123431
5321113332332222331413325523342242343423211234123552334224255342321123412355233422423434232112341235
1234321413421141341123431123432141342114134112343111234321455421141341123411233422423434232112341231
1234323233131334242143121113342242343423211234123112334224234342321123412311233422423434232112341231
5233422423434232112341235523342242343423211234123552334224234342321123412355233422423434232112341235
5343442341231241233424225523342242343423211234123552334224234342321123412355233422423434232112341235
5314143223341243424324145523342242343423211234123112334224234342321123412355233422423434232112341235
5234433234234234211413235523342242343423211234123552334224234342321123412355233422423434232112341235
5234324234342413414123425523342242343423211234123552334224234342321123412355233422423434232112341235
5423431234214132124142335523342242343423211234123552334224234342321123412355233422423434232112341235
$66666666666116666666666%$66666666666116666666666%$66666666666116666666666%$66666666666116666666666%
$66666666666116666666666%$66666666666116666666666%$66666666666116666666666%$66666666666116666666666%
5424343421124132112342235542434342112413211234223554243434211241321123422355424343421124132112342235
5134141242314214342144115513414124231421434214411551341412423142143421441155134141242314214342144115
5233441234123414233141415532111333233222233141332553211133323322223314133255321113332332222331413325
5332212121324423441334215523432141342114134112343552343214134211413411234311234321413421141341123431
5321113332332222331413325523342242343423211234123552334224234342321123412355233422423434232112341235
1234321413421141341123431123432141342114134112343111234321413421141341123411233422423434232112341231
1234323233131334242143121113342242343423211234123112334224234342321123412311233422423434232112341231
5233422423434232112341235523342242343423211234123552334224234342321123412355233422423434232112341235
5343442341231241233424225523342242343423211234123552334224234342321123412355233422423434232112341235
5314143223341243424324145523342242343423211234123112334224234342321123412355233422423434232112341235
5234433234234234211413235523342242343423211234123552334224234342321123412355233422423434232112341235
5234324234342413414123425523342242343423211234123552334224234342321123412355233422423434232112341235
5423431234214132124142335523342242343423211234123552334224234342321123412355233422423434232112341235
$66666666666116666666666%$66666666666116666666666%$66666666666116666666666%$66666666666116666666666%
$66666666666116666666666%$66666666666116666666666%$66666666666116666666666%$66666666666116666666666%
5424343421124132112342235542434342112413211234223554243434211241321123422355424343421124132112342235
5134141242314214342144115513414124231421434214411551341412423142143421441155134141242314214342144115
5233441234123414233141415532111333233222233141332553211133323322223314133255321113332332222331413325
5332212121324423441334215523432141342114134112343552343214134211413411234311234321413421141341123431
5321113332332222331413325523342242343423211234123552334224234342321123412355233422423434232112341235
1234321413421141341123431123432141342114134112343111234321413421141341123411233422423434232112341231
1234323233131334242143121113342242343423211234123112334224234342321123412311233422423434232112341231
5233422423434232112341235523342242343423211234123552334224234342321123412355233422423434232112341235
5343442341231241233424225523342242343423211234123552334224234342321123412355233422423434232112341235
5314143223341243424324145523342242343423211234123112334224234342321123412355233422423434232112341235
5234433234234234211413235523342242343423211234123552334224234342321123412355233422423434232112341235
5234324234342413414123425523342242343423211234123552334224234342321123412355233422423434232112341235
5423431234214132124142335523342242343423211234123552334224234342321123412355233422423434232112341235
$66666666666116666666666%$66666666666116666666666%$66666666666116666666666%$66666666666116666666666%
$66666666666116666666666%$66666666666116666666666%$66666666666116666666666%$66666666666116666666666%
5424343421124132112342235542434342112413211234223554243434211241321123422355424343421124132112342235
5134141242314214342144115513414124231421434214411551341412423142143421441155134141242314214342144115
5233441234123414233141415532111333233222233141332553211133323322223314133255321113332332222331413325
5332212121324423441334215523432141342114134112343552343214134211413411234311234321413421141341123431
5321113332332222331413325523342242343423211234123552334224234342321123412355233422423434232112341235
1234321413421141341123431123432141345554134112343111234321413421141341123411233422423434232112341231
1234323233131334242143121113342242345453211234123112334224234342321123412311233422423434232112341231
5233422423434232112341235523342242345553211234123552334224234342321123412355233422423434232112341235
5343442341231241233424225523342242343523211234123552334224234342321123412355233422423434232112341235
5314143223341243424324145523342242343523211234123112334224234342321123412355233422423434232112341235
5234433234234234211413235523342242343523211234123552334224234342321123412355233422423434232112341235
5234324234342413414123425523342242343423211234123552334224234342321123412355233422423434232112341235
5423431234214132124142335523342242343423211234123552334224234342321123412355233422423434232112341235
$66666666666116666666666%$66666666666116666666666%$66666666666116666666666%$66666666666116666666666%
$66666666666116666666666%$66666666666116666666666%$66666666666116666666666%$66666666666116666666666%
5424343421124132112342235542434342112413211234223554243434211241321123422355424343421124132112342235
5134141242314214342144115513414124231421434214411551341412423142143421441155134141242314214342144115
5233441234123414233141415532111333233222233141332553211133323322223314133255321113332332222331413325
5332212121324423441334215523432141342114134112343552343214134211413411234311234321413421141341123431
5321113332332222331413325523342242343423211234123552334224234342321123412355233422423434232112341235
1234321413421141341123431123432141342114134112343111234321413421141341123411233422423434232112341231
1234323233131334242143121113342242343423211234123112334224234342321123412311233422423434232112341231
5233422423434232112341235523342242343423211234123552334224234342321123412355233422423434232112341235
5343442341231241233424225523342242343423211234123552334224234342321123412355233422423434232112341235
5314143223341243424324145523342242343423211234123112334224234342321123412355233422423434232112341235
5234433234234234211413235523342242343423211234123552334224234342321123412355233422423434232112341235
5234324234342413414123425523342242343423211234123552334224234342321123412355233422423434232112341235
5423431234214132124142335523342242343423211234123552334224234342321123412355233422423434232112341235
$66666666666116666666666%$66666666666116666666666%$66666666666116666666666%$66666666666116666666666%
$66666666666116666666666%$66666666666116666666666%$66666666666116666666666%$66666666666116666666666%
5424343421124132112342235542434342112413211234223554243434211241321123422355424343421124132112342235
5134141242314214342144115513414124231421434214411551341412423142143421441155134141242314214342144115
5233441234123414233141415532111333233222233141332553211133323322223314133255321113332332222331413325
5332212121324423441334215523432141342114134112343552343214134211413411234311234321413421141341123431
5321113332332222331413325523342242343423211234123552334224255342321123412355233422423434232112341235
1234321413421141341123431123432141342114134112343111234321455421141341123411233422423434232112341231
1234323233131334242143121113342242343423211234123112334224234342321123412311233422423434232112341231
5233422423434232112341235523342242343423211234123552334224234342321123412355233422423434232112341235
5343442341231241233424225523342242343423211234123552334224234342321123412355233422423434232112341235
5314143223341243424324145523342242343423211234123112334224234342321123412355233422423434232112341235
5234433234234234211413235523342242343423211234123552334224234342321123412355233422423434232112341235
5234324234342413414123425523342242343423211234123552334224234342321123412355233422423434232112341235
5423431234214132124142335523342242343423211234123552334224234342321123412355233422423434232112341235
$66666666666116666666666%$66666666666116666666666%$66666666666116666666666%$66666666666116666666666%
$66666666666116666666666%$66666666666116666666666%$66666666666116666666666%$66666666666116666666666%
5424343421124132112342235542434342112413211234223554243434211241321123422355424343421124132112342235
5134141242314214342144115513414124231421434214411551341412423142143421441155134141242314214342144115
5233441234123414233141415532111333233222233141332553211133323322223314133255321113332332222331413325
5332212121324423441334215523432141342114134112343552343214134211413411234311234321413421141341123431
5321113332332222331413325523342242343423211234123552334224234342321123412355233422423434232112341235
1234321413421141341123431123432141342114134112343111234321413421141341123411233422423434232112341231
1234323233131334242143121113342242343423211234123112334224234342321123412311233422423434232112341231
5233422423434232112341235523342242343423211234123552334224234342321123412355233422423434232112341235
5343442341231241233424225523342242343423211234123552334224234342321123412355233422423434232112341235
5314143223341243424324145523342242343423211234123112334224234342321123412355233422423434232112341235
5234433234234234211413235523342242343423211234123552334224234342321123412355233422423434232112341235
5234324234342413414123425523342242343423211234123552334224234342321123412355233422423434232112341235
5423431234214132124142335523342242343423211234123552334224234342321123412355233422423434232112341235
$66666666666116666666666%$66666666666116666666666%$66666666666116666666666%$66666666666116666666666%
$66666666666116666666666%$66666666666116666666666%$66666666666116666666666%$66666666666116666666666%
5424343421124132112342235542434342112413211234223554243434211241321123422355424343421124132112342235
5134141242314214342144115513414124231421434214411551341412423142143421441155134141242314214342144115
5233441234123414233141415532111333233222233141332553211133323322223314133255321113332332222331413325
5332212121324423441334215523432141342114134112343552343214134211413411234311234321413421141341123431
5321113332332222331413325523342242343423211234123552334224234342321123412355233422423434232112341235
1234321413421141341123431123432141342114134112343111234321413421141341123411233422423434232112341231
1234323233131334242143121113342242343423211234123112334224234342321123412311233422423434232112341231
5233422423434232112341235523342242343423211234123552334224234342321123412355233422423434232112341235
5343442341231241233424225523342242343423211234123552334224234342321123412355233422423434232112341235
5314143223341243424324145523342242343423211234123112334224234342321123412355233422423434232112341235
5234433234234234211413235523342242343423211234123552334224234342321123412355233422423434232112341235
5234324234342413414123425523342242343423211234123552334224234342321123412355233422423434232112341235
5423431234214132124142335523342242343423211234123552334224234342321123412355233422423434232112341235
$66666666666116666666666%$66666666666116666666666%$66666666666116666666666%$66666666666116666666666%
$66666666666116666666666%$66666666666116666666666%$66666666666116666666666%$66666666666116666666666%
5424343421124132112342235542434342112413211234223554243434211241321123422355424343421124132112342235
5134141242314214342144115513414124231421434214411551341412423142143421441155134141242314214342144115
5233441234123414233141415532111333233222233141332553211133323322223314133255321113332332222331413325
5332212121324423441334215523432141342114134112343552343214134211413411234311234321413421141341123431
5321113332332222331413325523342242343423211234123552334224234342321123412355233422423434232112341235
1234321413421141341123431123432141345554134112343111234321413421141341123411233422423434232112341231
1234323233131334242143121113342242345453211234123112334224234342321123412311233422423434232112341231
5233422423434232112341235523342242345553211234123552334224234342321123412355233422423434232112341235
5343442341231241233424225523342242343523211234123552334224234342321123412355233422423434232112341235
5314143223341243424324145523342242343523211234123112334224234342321123412355233422423434232112341235
5234433234234234211413235523342242343523211234123552334224234342321123412355233422423434232112341235
5234324234342413414123425523342242343423211234123552334224234342321123412355233422423434232112341235
5423431234214132124142335523342242343423211234123552334224234342321123412355233422423434232112341235
$66666666666116666666666%$66666666666116666666666%$66666666666116666666666%$66666666666116666666666%
$66666666666116666666666%$66666666666116666666666%$66666666666116666666666%$66666666666116666666666%
5424343421124132112342235542434342112413211234223554243434211241321123422355424343421124132112342235
5134141242314214342144115513414124231421434214411551341412423142143421441155134141242314214342144115
5233441234123414233141415532111333233222233141332553211133323322223314133255321113332332222331413325
5332212121324423441334215523432141342114134112343552343214134211413411234311234321413421141341123431
5321113332332222331413325523342242343423211234123552334224234342321123412355233422423434232112341235
1234321413421141341123431123432141342114134112343111234321413421141341123411233422423434232112341231
1234323233131334242143121113342242343423211234123112334224234342321123412311233422423434232112341231
5233422423434232112341235523342242343423211234123552334224234342321123412355233422423434232112341235
5343442341231241233424225523342242343423211234123552334224234342321123412355233422423434232112341235
5314143223341243424324145523342242343423211234123112334224234342321123412355233422423434232112341235
5234433234234234211413235523342242343423211234123552334224234342321123412355233422423434232112341235
5234324234342413414123425523342242343423211234123552334224234342321123412355233422423434232112341235
5423431234214132124142335523342242343423211234123552334224234342321123412355233422423434232112341235
$66666666666116666666666%$66666666666116666666666%$66666666666116666666666%$66666666666116666666666%
$66666666666116666666666%$66666666666116666666666%$66666666666116666666666%$66666666666116666666666%
5424343421124132112342235542434342112413211234223554243434211241321123422355424343421124132112342235
5134141242314214342144115513414124231421434214411551341412423142143421441155134141242314214342144115
5233441234123414233141415532111333233222233141332553211133323322223314133255321113332332222331413325
5332212121324423441334215523432141342114134112343552343214134211413411234311234321413421141341123431
5321113332332222331413325523342242343423211234123552334224255342321123412355233422423434232112341235
1234321413421141341123431123432141342114134112343111234321455421141341123411233422423434232112341231
1234323233131334242143121113342242343423211234123112334224234342321123412311233422423434232112341231
5233422423434232112341235523342242343423211234123552334224234342321123412355233422423434232112341235
5343442341231241233424225523342242343423211234123552334224234342321123412355233422423434232112341235
5314143223341243424324145523342242343423211234123112334224234342321123412355233422423434232112341235
5234433234234234211413235523342242343423211234123552334224234342321123412355233422423434232112341235
5234324234342413414123425523342242343423211234123552334224234342321123412355233422423434232112341235
5423431234214132124142335523342242343423211234123552334224234342321123412355233422423434232112341235
$66666666666116666666666%$66666666666116666666666%$66666666666116666666666%$66666666666116666666666%
$66666666666116666666666%$66666666666116666666666%$66666666666116666666666%$66666666666116666666666%
5424343421124132112342235542434342112413211234223554243434211241321123422355424343421124132112342235
5134141242314214342144115513414124231421434214411551341412423142143421441155134141242314214342144115
5233441234123414233141415532111333233222233141332553211133323322223314133255321113332332222331413325
5332212121324423441334215523432141342114134112343552343214134211413411234311234321413421141341123431
5321113332332222331413325523342242343423211234123552334224234342321123412355233422423434232112341235
1234321413421141341123431123432141342114134112343111234321413421141341123411233422423434232112341231
1234323233131334242143121113342242343423211234123112334224234342321123412311233422423434232112341231
5233422423434232112341235523342242343423211234123552334224234342321123412355233422423434232112341235
5343442341231241233424225523342242343423211234123552334224234342321123412355233422423434232112341235
5314143223341243424324145523342242343423211234123112334224234342321123412355233422423434232112341235
5234433234234234211413235523342242343423211234123552334224234342321123412355233422423434232112341235
5234324234342413414123425523342242343423211234123552334224234342321123412355233422423434232112341235
5423431234214132124142335523342242343423211234123552334224234342321123412355233422423434232112341235
$66666666666116666666666%$66666666666116666666666%$66666666666116666666666%$66666666666116666666666%
$66666666666116666666666%$66666666666116666666666%$66666666666116666666666%$66666666666116666666666%
5424343421124132112342235542434342112413211234223554243434211241321123422355424343421124132112342235
5134141242314214342144115513414124231421434214411551341412423142143421441155134141242314214342144115
5233441234123414233141415532111333233222233141332553211133323322223314133255321113332332222331413325
5332212121324423441334215523432141342114134112343552343214134211413411234311234321413421141341123431
5321113332332222331413325523342242343423211234123552334224234342321123412355233422423434232112341235
1234321413421141341123431123432141342114134112343111234321413421141341123411233422423434232112341231
1234323233131334242143121113342242343423211234123112334224234342321123412311233422423434232112341231
5233422423434232112341235523342242343423211234123552334224234342321123412355233422423434232112341235
5343442341231241233424225523342242343423211234123552334224234342321123412355233422423434232112341235
5314143223341243424324145523342242343423211234123112334224234342321123412355233422423434232112341235
5234433234234234211413235523342242343423211234123552334224234342321123412355233422423434232112341235
5234324234342413414123425523342242343423211234123552334224234342321123412355233422423434232112341235
5423431234214132124142335523342242343423211234123552334224234342321123412355233422423434232112341235
$66666666666116666666666%$66666666666116666666666%$66666666666116666666666%$66666666666116666666666%
$66666666666116666666666%$66666666666116666666666%$66666666666116666666666%$66666666666116666666666%
5424343421124132112342235542434342112413211234223554243434211241321123422355424343421124132112342235
5134141242314214342144115513414124231421434214411551341412423142143421441155134141242314214342144115
5233441234123414233141415532111333233222233141332553211133323322223314133255321113332332222331413325
5332212121324423441334215523432141342114134112343552343214134211413411234311234321413421141341123431
5321113332332222331413325523342242343423211234123552334224234342321123412355233422423434232112341235
1234321413421141341123431123432141345554134112343111234321413421141341123411233422423434232112341231
1234323233131334242143121113342242345453211234123112334224234342321123412311233422423434232112341231
5233422423434232112341235523342242345553211234123552334224234342321123412355233422423434232112341235
5343442341231241233424225523342242343523211234123552334224234342321123412355233422423434232112341235
5314143223341243424324145523342242343523211234123112334224234342321123412355233422423434232112341235
5234433234234234211413235523342242343523211234123552334224234342321123412355233422423434232112341235
5234324234342413414123425523342242343423211234123552334224234342321123412355233422423434232112341235
5423431234214132124142335523342242343423211234123552334224234342321123412355233422423434232112341235
$66666666666116666666666%$66666666666116666666666%$66666666666116666666666%$66666666666116666666666%
$66666666666116666666666%$66666666666116666666666%$66666666666116666666666%$66666666666116666666666%
5424343421124132112342235542434342112413211234223554243434211241321123422355424343421124132112342235
5134141242314214342144115513414124231421434214411551341412423142143421441155134141242314214342144115
5233441234123414233141415532111333233222233141332553211133323322223314133255321113332332222331413325
5332212121324423441334215523432141342114134112343552343214134211413411234311234321413421141341123431
5321113332332222331413325523342242343423211234123552334224234342321123412355233422423434232112341235
1234321413421141341123431123432141342114134112343111234321413421141341123411233422423434232112341231
1234323233131334242143121113342242343423211234123112334224234342321123412311233422423434232112341231
5233422423434232112341235523342242343423211234123552334224234342321123412355233422423434232112341235
5343442341231241233424225523342242343423211234123552334224234342321123412355233422423434232112341235
5314143223341243424324145523342242343423211234123112334224234342321123412355233422423434232112341235
5234433234234234211413235523342242343423211234123552334224234342321123412355233422423434232112341235
5234324234342413414123425523342242343423211234123552334224234342321123412355233422423434232112341235
5423431234214132124142335523342242343423211234123552334224234342321123412355233422423434232112341235
$66666666666116666666666%$66666666666116666666666%$66666666666116666666666%$66666666666116666666666%
$66666666666116666666666%$66666666666116666666666%$66666666666116666666666%$66666666666116666666666%
5424343421124132112342235542434342112413211234223554243434211241321123422355424343421124132112342235
5134141242314214342144115513414124231421434214411551341412423142143421441155134141242314214342144115
5233441234123414233141415532111333233222233141332553211133323322223314133255321113332332222331413325
5332212121324423441334215523432141342114134112343552343214134211413411234311234321413421141341123431
5321113332332222331413325523342242343423211234123552334224255342321123412355233422423434232112341235
1234321413421141341123431123432141342114134112343111234321455421141341123411233422423434232112341231
1234323233131334242143121113342242343423211234123112334224234342321123412311233422423434232112341231
5233422423434232112341235523342242343423211234123552334224234342321123412355233422423434232112341235
5343442341231241233424225523342242343423211234123552334224234342321123412355233422423434232112341235
5314143223341243424324145523342242343423211234123112334224234342321123412355233422423434232112341235
5234433234234234211413235523342242343423211234123552334224234342321123412355233422423434232112341235
5234324234342413414123425523342242343423211234123552334224234342321123412355233422423434232112341235
5423431234214132124142335523342242343423211234123552334224234342321123412355233422423434232112341235
$66666666666116666666666%$66666666666116666666666%$66666666666116666666666%$66666666666116666666666%
$66666666666116666666666%$66666666666116666666666%$66666666666116666666666%$66666666666116666666666%
5424343421124132112342235542434342112413211234223554243434211241321123422355424343421124132112342235
5134141242314214342144115513414124231421434214411551341412423142143421441155134141242314214342144115
5233441234123414233141415532111333233222233141332553211133323322223314133255321113332332222331413325
5332212121324423441334215523432141342114134112343552343214134211413411234311234321413421141341123431
5321113332332222331413325523342242343423211234123552334224234342321123412355233422423434232112341235
1234321413421141341123431123432141342114134112343111234321413421141341123411233422423434232112341231
1234323233131334242143121113342242343423211234123112334224234342321123412311233422423434232112341231
5233422423434232112341235523342242343423211234123552334224234342321123412355233422423434232112341235
5343442341231241233424225523342242343423211234123552334224234342321123412355233422423434232112341235
5314143223341243424324145523342242343423211234123112334224234342321123412355233422423434232112341235
5234433234234234211413235523342242343423211234123552334224234342321123412355233422423434232112341235
5234324234342413414123425523342242343423211234123552334224234342321123412355233422423434232112341235
5423431234214132124142335523342242343423211234123552334224234342321123412355233422423434232112341235
$66666666666116666666666%$66666666666116666666666%$66666666666116666666666%$66666666666116666666666%
$66666666666116666666666%$66666666666116666666666%$66666666666116666666666%$66666666666116666666666%
5424343421124132112342235542434342112413211234223554243434211241321123422355424343421124132112342235
5134141242314214342144115513414124231421434214411551341412423142143421441155134141242314214342144115
5233441234123414233141415532111333233222233141332553211133323322223314133255321113332332222331413325
5332212121324423441334215523432141342114134112343552343214134211413411234311234321413421141341123431
5321113332332222331413325523342242343423211234123552334224234342321123412355233422423434232112341235
1234321413421141341123431123432141342114134112343111234321413421141341123411233422423434232112341231
1234323233131334242143121113342242343423211234123112334224234342321123412311233422423434232112341231
5233422423434232112341235523342242343423211234123552334224234342321123412355233422423434232112341235
5343442341231241233424225523342242343423211234123552334224234342321123412355233422423434232112341235
5314143223341243424324145523342242343423211234123112334224234342321123412355233422423434232112341235
5234433234234234211413235523342242343423211234123552334224234342321123412355233422423434232112341235
5234324234342413414123425523342242343423211234123552334224234342321123412355233422423434232112341235
5423431234214132124142335523342242343423211234123552334224234342321123412355233422423434232112341235
$66666666666116666666666%$66666666666116666666666%$66666666666116666666666%$66666666666116666666666%
$66666666666116666666666%$66666666666116666666666%$66666666666116666666666%$66666666666116666666666%
5424343421124132112342235542434342112413211234223554243434211241321123422355424343421124132112342235
5134141242314214342144115513414124231421434214411551341412423142143421441155134141242314214342144115
5233441234123414233141415532111333233222233141332553211133323322223314133255321113332332222331413325
5332212121324423441334215523432141342114134112343552343214134211413411234311234321413421141341123431
5321113332332222331413325523342242343423211234123552334224234342321123412355233422423434232112341235
1234321413421141341123431123432141345554134112343111234321413421141341123411233422423434232112341231
1234323233131334242143121113342242345453211234123112334224234342321123412311233422423434232112341231
5233422423434232112341235523342242345553211234123552334224234342321123412355233422423434232112341235
5343442341231241233424225523342242343523211234123552334224234342321123412355233422423434232112341235
5314143223341243424324145523342242343523211234123112334224234342321123412355233422423434232112341235
5234433234234234211413235523342242343523211234123552334224234342321123412355233422423434232112341235
5234324234342413414123425523342242343423211234123552334224234342321123412355233422423434232112341235
5423431234214132124142335523342242343423211234123552334224234342321123412355233422423434232112341235
$66666666666116666666666%$66666666666116666666666%$66666666666116666666666%$66666666666116666666666%
$66666666666116666666666%$66666666666116666666666%$66666666666116666666666%$66666666666116666666666%
5424343421124132112342235542434342112413211234223554243434211241321123422355424343421124132112342235
5134141242314214342144115513414124231421434214411551341412423142143421441155134141242314214342144115
5233441234123414233141415532111333233222233141332553211133323322223314133255321113332332222331413325
5332212121324423441334215523432141342114134112343552343214134211413411234311234321413421141341123431
5321113332332222331413325523342242343423211234123552334224234342321123412355233422423434232112341235
1234321413421141341123431123432141342114134112343111234321413421141341123411233422423434232112341231
1234323233131334242143121113342242343423211234123112334224234342321123412311233422423434232112341231
5233422423434232112341235523342242343423211234123552334224234342321123412355233422423434232112341235
5343442341231241233424225523342242343423211234123552334224234342321123412355233422423434232112341235
5314143223341243424324145523342242343423211234123112334224234342321123412355233422423434232112341235
5234433234234234211413235523342242343423211234123552334224234342321123412355233422423434232112341235
5234324234342413414123425523342242343423211234123552334224234342321123412355233422423434232112341235
5423431234214132124142335523342242343423211234123552334224234342321123412355233422423434232112341235
$66666666666116666666666%$66666666666116666666666%$66666666666116666666666%$66666666666116666666666%
$66666666666116666666666%$66666666666116666666666%$66666666666116666666666%$66666666666116666666666%
5424343421124132112342235542434342112413211234223554243434211241321123422355424343421124132112342235
5134141242314214342144115513414124231421434214411551341412423142143421441155134141242314214342144115
5233441234123414233141415532111333233222233141332553211133323322223314133255321113332332222331413325
5332212121324423441334215523432141342114134112343552343214134211413411234311234321413421141341123431
5321113332332222331413325523342242343423211234123552334224255342321123412355233422423434232112341235
1234321413421141341123431123432141342114134112343111234321455421141341123411233422423434232112341231
1234323233131334242143121113342242343423211234123112334224234342321123412311233422423434232112341231
5233422423434232112341235523342242343423211234123552334224234342321123412355233422423434232112341235
5343442341231241233424225523342242343423211234123552334224234342321123412355233422423434232112341235
5314143223341243424324145523342242343423211234123112334224234342321123412355233422423434232112341235
5234433234234234211413235523342242343423211234123552334224234342321123412355233422423434232112341235
5234324234342413414123425523342242343423211234123552334224234342321123412355233422423434232112341235
5423431234214132124142335523342242343423211234123552334224234342321123412355233422423434232112341235
$66666666666116666666666%$66666666666116666666666%$66666666666116666666666%$66666666666116666666666%
$66666666666116666666666%$66666666666116666666666%$66666666666116666666666%$66666666666116666666666%
5424343421124132112342235542434342112413211234223554243434211241321123422355424343421124132112342235
5134141242314214342144115513414124231421434214411551341412423142143421441155134141242314214342144115
5233441234123414233141415532111333233222233141332553211133323322223314133255321113332332222331413325
5332212121324423441334215523432141342114134112343552343214134211413411234311234321413421141341123431
5321113332332222331413325523342242343423211234123552334224234342321123412355233422423434232112341235
1234321413421141341123431123432141342114134112343111234321413421141341123411233422423434232112341231
1234323233131334242143121113342242343423211234123112334224234342321123412311233422423434232112341231
5233422423434232112341235523342242343423211234123552334224234342321123412355233422423434232112341235
5343442341231241233424225523342242343423211234123552334224234342321123412355233422423434232112341235
5314143223341243424324145523342242343423211234123112334224234342321123412355233422423434232112341235
5234433234234234211413235523342242343423211234123552334224234342321123412355233422423434232112341235
5234324234342413414123425523342242343423211234123552334224234342321123412355233422423434232112341235
5423431234214132124142335523342242343423211234123552334224234342321123412355233422423434232112341235
$66666666666116666666666%$66666666666116666666666%$66666666666116666666666%$66666666666116666666666%
$66666666666116666666666%$66666666666116666666666%$66666666666116666666666%$66666666666116666666666%
5424343421124132112342235542434342112413211234223554243434211241321123422355424343421124132112342235
5134141242314214342144115513414124231421434214411551341412423142143421441155134141242314214342144115
5233441234123414233141415532111333233222233141332553211133323322223314133255321113332332222331413325
5332212121324423441334215523432141342114134112343552343214134211413411234311234321413421141341123431
5321113332332222331413325523342242343423211234123552334224234342321123412355233422423434232112341235
1234321413421141341123431123432141342114134112343111234321413421141341123411233422423434232112341231
1234323233131334242143121113342242343423211234123112334224234342321123412311233422423434232112341231
5233422423434232112341235523342242343423211234123552334224234342321123412355233422423434232112341235
5343442341231241233424225523342242343423211234123552334224234342321123412355233422423434232112341235
5314143223341243424324145523342242343423211234123112334224234342321123412355233422423434232112341235
5234433234234234211413235523342242343423211234123552334224234342321123412355233422423434232112341235
5234324234342413414123425523342242343423211234123552334224234342321123412355233422423434232112341235
5423431234214132124142335523342242343423211234123552334224234342321123412355233422423434232112341235
$66666666666116666666666%$66666666666116666666666%$66666666666116666666666%$66666666666116666666666%
$66666666666116666666666%$66666666666116666666666%$66666666666116666666666%$66666666666116666666666%
5424343421124132112342235542434342112413211234223554243434211241321123422355424343421124132112342235
5134141242314214342144115513414124231421434214411551341412423142143421441155134141242314214342144115
5233441234123414233141415532111333233222233141332553211133323322223314133255321113332332222331413325
5332212121324423441334215523432141342114134112343552343214134211413411234311234321413421141341123431
5321113332332222331413325523342242343423211234123552334224234342321123412355233422423434232112341235
1234321413421141341123431123432141345554134112343111234321413421141341123411233422423434232112341231
1234323233131334242143121113342242345453211234123112334224234342321123412311233422423434232112341231
5233422423434232112341235523342242345553211234123552334224234342321123412355233422423434232112341235
5343442341231241233424225523342242343523211234123552334224234342321123412355233422423434232112341235
5314143223341243424324145523342242343523211234123112334224234342321123412355233422423434232112341235
5234433234234234211413235523342242343523211234123552334224234342321123412355233422423434232112341235
5234324234342413414123425523342242343423211234123552334224234342321123412355233422423434232112341235
5423431234214132124142335523342242343423211234123552334224234342321123412355233422423434232112341235
$66666666666116666666666%$66666666666116666666666%$66666666666116666666666%$66666666666116666666666%
$66666666666116666666666%$66666666666116666666666%$66666666666116666666666%$66666666666116666666666%
5424343421124132112342235542434342112413211234223554243434211241321123422355424343421124132112342235
5134141242314214342144115513414124231421434214411551341412423142143421441155134141242314214342144115
5233441234123414233141415532111333233222233141332553211133323322223314133255321113332332222331413325
5332212121324423441334215523432141342114134112343552343214134211413411234311234321413421141341123431
5321113332332222331413325523342242343423211234123552334224234342321123412355233422423434232112341235
1234321413421141341123431123432141342114134112343111234321413421141341123411233422423434232112341231
1234323233131334242143121113342242343423211234123112334224234342321123412311233422423434232112341231
5233422423434232112341235523342242343423211234123552334224234342321123412355233422423434232112341235
5343442341231241233424225523342242343423211234123552334224234342321123412355233422423434232112341235
5314143223341243424324145523342242343423211234123112334224234342321123412355233422423434232112341235
5234433234234234211413235523342242343423211234123552334224234342321123412355233422423434232112341235
5234324234342413414123425523342242343423211234123552334224234342321123412355233422423434232112341235
5423431234214132124142335523342242343423211234123552334224234342321123412355233422423434232112341235
$66666666666116666666666%$66666666666116666666666%$66666666666116666666666%$66666666666116666666666%
$66666666666116666666666%$66666666666116666666666%$66666666666116666666666%$66666666666116666666666%
5424343421124132112342235542434342112413211234223554243434211241321123422355424343421124132112342235
5134141242314214342144115513414124231421434214411551341412423142143421441155134141242314214342144115
5233441234123414233141415532111333233222233141332553211133323322223314133255321113332332222331413325
5332212121324423441334215523432141342114134112343552343214134211413411234311234321413421141341123431
5321113332332222331413325523342242343423211234123552334224255342321123412355233422423434232112341235
1234321413421141341123431123432141342114134112343111234321455421141341123411233422423434232112341231
1234323233131334242143121113342242343423211234123112334224234342321123412311233422423434232112341231
5233422423434232112341235523342242343423211234123552334224234342321123412355233422423434232112341235
5343442341231241233424225523342242343423211234123552334224234342321123412355233422423434232112341235
5314143223341243424324145523342242343423211234123112334224234342321123412355233422423434232112341235
5234433234234234211413235523342242343423211234123552334224234342321123412355233422423434232112341235
5234324234342413414123425523342242343423211234123552334224234342321123412355233422423434232112341235
5423431234214132124142335523342242343423211234123552334224234342321123412355233422423434232112341235
$66666666666116666666666%$66666666666116666666666%$66666666666116666666666%$66666666666116666666666%
$66666666666116666666666%$66666666666116666666666%$66666666666116666666666%$66666666666116666666666%
5424343421124132112342235542434342112413211234223554243434211241321123422355424343421124132112342235
5134141242314214342144115513414124231421434214411551341412423142143421441155134141242314214342144115
5233441234123414233141415532111333233222233141332553211133323322223314133255321113332332222331413325
5332212121324423441334215523432141342114134112343552343214134211413411234311234321413421141341123431
5321113332332222331413325523342242343423211234123552334224234342321123412355233422423434232112341235
1234321413421141341123431123432141342114134112343111234321413421141341123411233422423434232112341231
1234323233131334242143121113342242343423211234123112334224234342321123412311233422423434232112341231
5233422423434232112341235523342242343423211234123552334224234342321123412355233422423434232112341235
5343442341231241233424225523342242343423211234123552334224234342321123412355233422423434232112341235
5314143223341243424324145523342242343423211234123112334224234342321123412355233422423434232112341235
5234433234234234211413235523342242343423211234123552334224234342321123412355233422423434232112341235
5234324234342413414123425523342242343423211234123552334224234342321123412355233422423434232112341235
5423431234214132124142335523342242343423211234123552334224234342321123412355233422423434232112341235
$66666666666116666666666%$66666666666116666666666%$66666666666116666666666%$66666666666116666666666%
$66666666666116666666666%$66666666666116666666666%$66666666666116666666666%$66666666666116666666666%
5424343421124132112342235542434342112413211234223554243434211241321123422355424343421124132112342235
5134141242314214342144115513414124231421434214411551341412423142143421441155134141242314214342144115
5233441234123414233141415532111333233222233141332553211133323322223314133255321113332332222331413325
5332212121324423441334215523432141342114134112343552343214134211413411234311234321413421141341123431
5321113332332222331413325523342242343423211234123552334224234342321123412355233422423434232112341235
1234321413421141341123431123432141342114134112343111234321413421141341123411233422423434232112341231
1234323233131334242143121113342242343423211234123112334224234342321123412311233422423434232112341231
5233422423434232112341235523342242343423211234123552334224234342321123412355233422423434232112341235
5343442341231241233424225523342242343423211234123552334224234342321123412355233422423434232112341235
5314143223341243424324145523342242343423211234123112334224234342321123412355233422423434232112341235
5234433234234234211413235523342242343423211234123552334224234342321123412355233422423434232112341235
5234324234342413414123425523342242343423211234123552334224234342321123412355233422423434232112341235
5423431234214132124142335523342242343423211234123552334224234342321123412355233422423434232112341235
$66666666666116666666666%$66666666666116666666666%$66666666666116666666666%$66666666666116666666666%
$66666666666116666666666%$66666666666116666666666%$66666666666116666666666%$66666666666116666666666%
5424343421124132112342235542434342112413211234223554243434211241321123422355424343421124132112342235
5134141242314214342144115513414124231421434214411551341412423142143421441155134141242314214342144115
5233441234123414233141415532111333233222233141332553211133323322223314133255321113332332222331413325
5332212121324423441334215523432141342114134112343552343214134211413411234311234321413421141341123431
5321113332332222331413325523342242343423211234123552334224234342321123412355233422423434232112341235
1234321413421141341123431123432141345554134112343111234321413421141341123411233422423434232112341231
1234323233131334242143121113342242345453211234123112334224234342321123412311233422423434232112341231
5233422423434232112341235523342242345553211234123552334224234342321123412355233422423434232112341235
5343442341231241233424225523342242343523211234123552334224234342321123412355233422423434232112341235
5314143223341243424324145523342242343523211234123112334224234342321123412355233422423434232112341235
5234433234234234211413235523342242343523211234123552334224234342321123412355233422423434232112341235
5234324234342413414123425523342242343423211234123552334224234342321123412355233422423434232112341235
5423431234214132124142335523342242343423211234123552334224234342321123412355233422423434232112341235
$66666666666116666666666%$66666666666116666666666%$66666666666116666666666%$66666666666116666666666%
$66666666666116666666666%$66666666666116666666666%$66666666666116666666666%$66666666666116666666666%
5424343421124132112342235542434342112413211234223554243434211241321123422355424343421124132112342235
5134141242314214342144115513414124231421434214411551341412423142143421441155134141242314214342144115
5233441234123414233141415532111333233222233141332553211133323322223314133255321113332332222331413325
5332212121324423441334215523432141342114134112343552343214134211413411234311234321413421141341123431
5321113332332222331413325523342242343423211234123552334224234342321123412355233422423434232112341235
1234321413421141341123431123432141342114134112343111234321413421141341123411233422423434232112341231
1234323233131334242143121113342242343423211234123112334224234342321123412311233422423434232112341231
5233422423434232112341235523342242343423211234123552334224234342321123412355233422423434232112341235
5343442341231241233424225523342242343423211234123552334224234342321123412355233422423434232112341235
5314143223341243424324145523342242343423211234123112334224234342321123412355233422423434232112341235
5234433234234234211413235523342242343423211234123552334224234342321123412355233422423434232112341235
5234324234342413414123425523342242343423211234123552334224234342321123412355233422423434232112341235
5423431234214132124142335523342242343423211234123552334224234342321123412355233422423434232112341235
$66666666666116666666666%$66666666666116666666666%$66666666666116666666666%$66666666666116666666666%
$66666666666116666666666%$66666666666116666666666%$66666666666116666666666%$66666666666116666666666%
5424343421124132112342235542434342112413211234223554243434211241321123422355424343421124132112342235
5134141242314214342144115513414124231421434214411551341412423142143421441155134141242314214342144115
5233441234123414233141415532111333233222233141332553211133323322223314133255321113332332222331413325
5332212121324423441334215523432141342114134112343552343214134211413411234311234321413421141341123431
5321113332332222331413325523342242343423211234123552334224255342321123412355233422423434232112341235
1234321413421141341123431123432141342114134112343111234321455421141341123411233422423434232112341231
1234323233131334242143121113342242343423211234123112334224234342321123412311233422423434232112341231
5233422423434232112341235523342242343423211234123552334224234342321123412355233422423434232112341235
5343442341231241233424225523342242343423211234123552334224234342321123412355233422423434232112341235
5314143223341243424324145523342242343423211234123112334224234342321123412355233422423434232112341235
5234433234234234211413235523342242343423211234123552334224234342321123412355233422423434232112341235
5234324234342413414123425523342242343423211234123552334224234342321123412355233422423434232112341235
5423431234214132124142335523342242343423211234123552334224234342321123412355233422423434232112341235
$66666666666116666666666%$66666666666116666666666%$66666666666116666666666%$66666666666116666666666%
$66666666666116666666666%$66666666666116666666666%$66666666666116666666666%$66666666666116666666666%
5424343421124132112342235542434342112413211234223554243434211241321123422355424343421124132112342235
5134141242314214342144115513414124231421434214411551341412423142143421441155134141242314214342144115
5233441234123414233141415532111333233222233141332553211133323322223314133255321113332332222331413325
5332212121324423441334215523432141342114134112343552343214134211413411234311234321413421141341123431
5321113332332222331413325523342242343423211234123552334224234342321123412355233422423434232112341235
1234321413421141341123431123432141342114134112343111234321413421141341123411233422423434232112341231
1234323233131334242143121113342242343423211234123112334224234342321123412311233422423434232112341231
5233422423434232112341235523342242343423211234123552334224234342321123412355233422423434232112341235
5343442341231241233424225523342242343423211234123552334224234342321123412355233422423434232112341235
5314143223341243424324145523342242343423211234123112334224234342321123412355233422423434232112341235
5234433234234234211413235523342242343423211234123552334224234342321123412355233422423434232112341235
5234324234342413414123425523342242343423211234123552334224234342321123412355233422423434232112341235
5423431234214132124142335523342242343423211234123552334224234342321123412355233422423434232112341235
$66666666666116666666666%$66666666666116666666666%$66666666666116666666666%$66666666666116666666666%
$66666666666116666666666%$66666666666116666666666%$66666666666116666666666%$66666666666116666666666%
5424343421124132112342235542434342112413211234223554243434211241321123422355424343421124132112342235
5134141242314214342144115513414124231421434214411551341412423142143421441155134141242314214342144115
5233441234123414233141415532111333233222233141332553211133323322223314133255321113332332222331413325
5332212121324423441334215523432141342114134112343552343214134211413411234311234321413421141341123431
5321113332332222331413325523342242343423211234123552334224234342321123412355233422423434232112341235
1234321413421141341123431123432141342114134112343111234321413421141341123411233422423434232112341231
1234323233131334242143121113342242343423211234123112334224234342321123412311233422423434232112341231
5233422423434232112341235523342242343423211234123552334224234342321123412355233422423434232112341235
5343442341231241233424225523342242343423211234123552334224234342321123412355233422423434232112341235
5314143223341243424324145523342242343423211234123112334224234342321123412355233422423434232112341235
5234433234234234211413235523342242343423211234123552334224234342321123412355233422423434232112341235
5234324234342413414123425523342242343423211234123552334224234342321123412355233422423434232112341235
5423431234214132124142335523342242343423211234123552334224234342321123412355233422423434232112341235
$66666666666116666666666%$66666666666116666666666%$66666666666116666666666%$66666666666116666666666%
$66666666666116666666666%$66666666666116666666666%$66666666666116666666666%$66666666666116666666666%
5424343421124132112342235542434342112413211234223554243434211241321123422355424343421124132112342235
5134141242314214342144115513414124231421434214411551341412423142143421441155134141242314214342144115
5233441234123414233141415532111333233222233141332553211133323322223314133255321113332332222331413325
5332212121324423441334215523432141342114134112343552343214134211413411234311234321413421141341123431
5321113332332222331413325523342242343423211234123552334224234342321123412355233422423434232112341235
1234321413421141341123431123432141345554134112343111234321413421141341123411233422423434232112341231
1234323233131334242143121113342242345453211234123112334224234342321123412311233422423434232112341231
5233422423434232112341235523342242345553211234123552334224234342321123412355233422423434232112341235
5343442341231241233424225523342242343523211234123552334224234342321123412355233422423434232112341235
5314143223341243424324145523342242343523211234123112334224234342321123412355233422423434232112341235
5234433234234234211413235523342242343523211234123552334224234342321123412355233422423434232112341235
5234324234342413414123425523342242343423211234123552334224234342321123412355233422423434232112341235
5423431234214132124142335523342242343423211234123552334224234342321123412355233422423434232112341235
$66666666666116666666666%$66666666666116666666666%$66666666666116666666666%$66666666666116666666666%
$66666666666116666666666%$66666666666116666666666%$66666666666116666666666%$66666666666116666666666%
5424343421124132112342235542434342112413211234223554243434211241321123422355424343421124132112342235
5134141242314214342144115513414124231421434214411551341412423142143421441155134141242314214342144115
5233441234123414233141415532111333233222233141332553211133323322223314133255321113332332222331413325
5332212121324423441334215523432141342114134112343552343214134211413411234311234321413421141341123431
5321113332332222331413325523342242343423211234123552334224234342321123412355233422423434232112341235
1234321413421141341123431123432141342114134112343111234321413421141341123411233422423434232112341231
1234323233131334242143121113342242343423211234123112334224234342321123412311233422423434232112341231
5233422423434232112341235523342242343423211234123552334224234342321123412355233422423434232112341235
5343442341231241233424225523342242343423211234123552334224234342321123412355233422423434232112341235
5314143223341243424324145523342242343423211234123112334224234342321123412355233422423434232112341235
5234433234234234211413235523342242343423211234123552334224234342321123412355233422423434232112341235
5234324234342413414123425523342242343423211234123552334224234342321123412355233422423434232112341235
5423431234214132124142335523342242343423211234123552334224234342321123412355233422423434232112341235
$66666666666116666666666%$66666666666116666666666%$66666666666116666666666%$66666666666116666666666%
$66666666666116666666666%$66666666666116666666666%$66666666666116666666666%$66666666666116666666666%
5424343421124132112342235542434342112413211234223554243434211241321123422355424343421124132112342235
5134141242314214342144115513414124231421434214411551341412423142143421441155134141242314214342144115
5233441234123414233141415532111333233222233141332553211133323322223314133255321113332332222331413325
5332212121324423441334215523432141342114134112343552343214134211413411234311234321413421141341123431
5321113332332222331413325523342242343423211234123552334224255342321123412355233422423434232112341235
1234321413421141341123431123432141342114134112343111234321455421141341123411233422423434232112341231
1234323233131334242143121113342242343423211234123112334224234342321123412311233422423434232112341231
5233422423434232112341235523342242343423211234123552334224234342321123412355233422423434232112341235
5343442341231241233424225523342242343423211234123552334224234342321123412355233422423434232112341235
5314143223341243424324145523342242343423211234123112334224234342321123412355233422423434232112341235
5234433234234234211413235523342242343423211234123552334224234342321123412355233422423434232112341235
5234324234342413414123425523342242343423211234123552334224234342321123412355233422423434232112341235
5423431234214132124142335523342242343423211234123552334224234342321123412355233422423434232112341235
$66666666666116666666666%$66666666666116666666666%$66666666666116666666666%$66666666666116666666666%
$66666666666116666666666%$66666666666116666666666%$66666666666116666666666%$66666666666116666666666%
5424343421124132112342235542434342112413211234223554243434211241321123422355424343421124132112342235
5134141242314214342144115513414124231421434214411551341412423142143421441155134141242314214342144115
5233441234123414233141415532111333233222233141332553211133323322223314133255321113332332222331413325
5332212121324423441334215523432141342114134112343552343214134211413411234311234321413421141341123431
5321113332332222331413325523342242343423211234123552334224234342321123412355233422423434232112341235
1234321413421141341123431123432141342114134112343111234321413421141341123411233422423434232112341231
1234323233131334242143121113342242343423211234123112334224234342321123412311233422423434232112341231
5233422423434232112341235523342242343423211234123552334224234342321123412355233422423434232112341235
5343442341231241233424225523342242343423211234123552334224234342321123412355233422423434232112341235
5314143223341243424324145523342242343423211234123112334224234342321123412355233422423434232112341235
5234433234234234211413235523342242343423211234123552334224234342321123412355233422423434232112341235
5234324234342413414123425523342242343423211234123552334224234342321123412355233422423434232112341235
5423431234214132124142335523342242343423211234123552334224234342321123412355233422423434232112341235
$66666666666116666666666%$66666666666116666666666%$66666666666116666666666%$66666666666116666666666%
$66666666666116666666666%$66666666666116666666666%$66666666666116666666666%$66666666666116666666666%
5424343421124132112342235542434342112413211234223554243434211241321123422355424343421124132112342235
5134141242314214342144115513414124231421434214411551341412423142143421441155134141242314214342144115
5233441234123414233141415532111333233222233141332553211133323322223314133255321113332332222331413325
5332212121324423441334215523432141342114134112343552343214134211413411234311234321413421141341123431
5321113332332222331413325523342242343423211234123552334224234342321123412355233422423434232112341235
1234321413421141341123431123432141342114134112343111234321413421141341123411233422423434232112341231
1234323233131334242143121113342242343423211234123112334224234342321123412311233422423434232112341231
5233422423434232112341235523342242343423211234123552334224234342321123412355233422423434232112341235
5343442341231241233424225523342242343423211234123552334224234342321123412355233422423434232112341235
5314143223341243424324145523342242343423211234123112334224234342321123412355233422423434232112341235
5234433234234234211413235523342242343423211234123552334224234342321123412355233422423434232112341235
5234324234342413414123425523342242343423211234123552334224234342321123412355233422423434232112341235
5423431234214132124142335523342242343423211234123552334224234342321123412355233422423434232112341235
$66666666666116666666666%$66666666666116666666666%$66666666666116666666666%$66666666666116666666666%
$66666666666116666666666%$66666666666116666666666%$66666666666116666666666%$66666666666116666666666%
5424343421124132112342235542434342112413211234223554243434211241321123422355424343421124132112342235
5134141242314214342144115513414124231421434214411551341412423142143421441155134141242314214342144115
5233441234123414233141415532111333233222233141332553211133323322223314133255321113332332222331413325
5332212121324423441334215523432141342114134112343552343214134211413411234311234321413421141341123431
5321113332332222331413325523342242343423211234123552334224234342321123412355233422423434232112341235
1234321413421141341123431123432141345554134112343111234321413421141341123411233422423434232112341231
1234323233131334242143121113342242345453211234123112334224234342321123412311233422423434232112341231
5233422423434232112341235523342242345553211234123552334224234342321123412355233422423434232112341235
5343442341231241233424225523342242343523211234123552334224234342321123412355233422423434232112341235
5314143223341243424324145523342242343523211234123112334224234342321123412355233422423434232112341235
5234433234234234211413235523342242343523211234123552334224234342321123412355233422423434232112341235
5234324234342413414123425523342242343423211234123552334224234342321123412355233422423434232112341235
5423431234214132124142335523342242343423211234123552334224234342321123412355233422423434232112341235
$66666666666116666666666%$66666666666116666666666%$66666666666116666666666%$66666666666116666666666%




