$66666666666a666666666666666666666666666666666666666666%
54213234211241321123422323424213234211241321123422323425
51323112423142143421441132421323112423142143421441132425
52334212341232142331414142342334212341232142331414142345
53342412341234213413342123413342412341234213413342123415
53221323323312223114133243213221323323312223114133243215
52333414134211413111234343212333414134211413111234343215
52342242331313342121431212342342242331313342121431212345
52314331231233321223412343242314331231233321223412343245
53423423412312412334242242343423423412312412334242242345
53133222233412434143241443243133222233412434143241443245
52343312341231233214132323412343312341231233214132323415
52323242343124134141234212342323242343124134141234212345
54214112342141321241423312344214112342141321241423312345
54214112342141321241423312344214112342141321241423312345
54214112342121341321423312344214112342121341321423312345
54214112234234221241423312344214112234234221241423312345
54214112342141321241423312344214112342141321241423312345
54214112342141321241423312344214112342141321241423312345
54213234211241321123422323424213234211241321123422323425
51323112423142143421441132421323112423142143421441132425
52334212341232142331414142342334212341$66666666666666665
53342412341234213413342123413342412341534213413342123415
53221323323312223114133243213221323323512223114133243215
52333414134211413111234343212333414134511413111234343215
52342242331313342121431212342342242331513342121431212345
52314331231233321223412343242314331231533321223412343245
53423423412312412334242242343423423412512344321342142325
53133222233412434143241443243133222233512434143241443245
52343312341231233214132323412343312341231233214132323415
52323242343124134141234212342323242343224134141234212345
54214112342141321241423312344214112342541321241423312345
54214112342141321241423312344214112342541321241423312345
54214112342121341321423312344214112342551321241423312345
54214112234234221241423312344214112342551321241423312345
54214112342141321241423312344214112342555f51241423312345
54214112342141321241423312344214112342555251241423312345
!666666666666666666666666666666666666666666666666666666#