6666666666666666666666666666666666666666666666666666666666666666666666666
5234123412343421243122341423341234534323423412432342341234123412341234325
5234123412343421243122341423341234534323423412432342341234123412341234325
5234123412343421243122341423341234534323423412432342341234123412341234325
5234123412343421243122341423341234534323423412432342341234123412341234325
5234123412343421243122341423341234534323423412432342341234123412341234325
5234123412343421243122341423341234534323423412432342341234123412341234325
5234123412343421243122341423341234534323423412432342341234123412341234325
5234123412343421243122341423341234534323423412432342341234123412341234325
5234123412343421243122341423341234534323423412432342341234123412341234325
52341234123434212431223414u334123slf4323423412432342341234123412341234325
5234123412343421243122341423341234534323423412432342341234123412341234325
5234123412343421243122341423341234534323423412432342341234123412341234325
5234123412343421243122341423341234534323423412432342341234123412341234325
5234123412343421243122341423341234534323423412432342341234123412341234325
5234123412343421243122341423341234534323423412432342341234123412341234325
5234123412343421243122341423341234534323423412432342341234123412341234325
5234123412343421243122341423341234534323423412432342341234123412341234325
5234123412343421243122341423341234534323423412432342341234123412341234325
5234123412343421243122341423341234534323423412432342341234123412341234325
66666666666666666l6666666666666666666666666666666666666666666666666666666